url_path,views_total,views_unique
/marcin-l/PegaDevTools,21,16
/marcin-l/PegaDevTools/releases/tag/1.0,4,4
/marcin-l/PegaDevTools/discussions,2,2
/marcin-l/PegaDevTools/issues,2,2
/marcin-l/PegaDevTools/blob/master/README.md,1,1
/marcin-l/PegaDevTools/blob/master/background.js,1,1
/marcin-l/PegaDevTools/blob/master/settings.html,1,1
/marcin-l/PegaDevTools/blob/master/tracer/tracerOptionSets.html,1,1
/marcin-l/PegaDevTools/blob/master/tracer/tracerOptionsSets.js,1,1
/marcin-l/PegaDevTools/issues/32,1,1
